1.0 1.3293168670579842e-17 0
1.0446271547468104 -0.625864901520636 1
1.093717024968302 -1.3143162931933356 2
1.1477158822119424 -2.0716128240333056 3
1.2071146251799472 -2.9046390079572726 4
1.2724532424447523 -3.8209678102736357 5
1.344325721436038 -4.8289294928216355 6
1.423385448326452 -5.937687343624435 7
1.510351147905908 -7.1573209795075154 8
1.6060134174433092 -8.498917978978904 9
1.7112419139344506 -9.974674678397431 10
0.8821936526321846 -0.008400154859884955 11
0.9242867716015901 -0.634440590639922 12
0.970589202467936 -1.3230850699979626 13
1.0215218764209166 -2.0805939972918077 14
1.0775478177691953 -2.913853817315037 15
1.1391763532523018 -3.8304396193405896 16
1.206967742283719 -4.838684001568697 17
1.2815382702182778 -5.947752822019615 18
1.3635658509462925 -7.167728524515626 19
1.4537961897471088 -8.509701797261238 20
1.5530495624280067 -9.98587239728141 21
0.5858612056006706 -0.028324677677409815 22
0.6118315128043312 -0.6552409408577318 23
0.640398850728358 -1.3448488303560857 24
0.6718229224447874 -2.1034175088042755 25
0.7063894013328598 -2.9378430550972845 26
0.7444125281097393 -3.855711156019594 27
0.786237967564307 -4.8653660670341345 28
0.8322459509643313 -5.975986469150129 29
0.8828547327043581 -7.197668911477724 30
0.9385243926183875 -8.541519598038079 31
0.9997610185238199 -10.019755353254467 32
0.25222499566984785 -0.042145717862606374 33
0.2046600812576017 -0.6677942108786024 34
0.15233867540413093 -1.356007553196198 35
0.0947851289653131 -2.1130422297455533 36
0.03147622788261345 -2.9457803739498445 37
-0.03816356330835613 -3.8617923325745642 38
-0.11476733361842267 -4.869405487061757 39
-0.1990314809594959 -5.977779956997668 40
-0.29172204303467647 -7.19699187392717 41
-0.3936816613173751 -8.538124982549624 42
-0.5058372414283436 -10.013371402034322 43
0.03277625546509916 -0.025462131692045198 44
-0.5920126721031627 -0.08323110160091887 45
-1.2792804924282506 -0.1467769685006799 46
-2.035275094785848 -0.21667742209041704 47
-2.8668691573792047 -0.29356792103912793 48
-3.781622626231897 -0.37814746988270986 49
-4.787851441969859 -0.47118497361065004 50
-5.894703139281616 -0.5735262277113842 51
-7.112240006324551 -0.6861016072221917 52
-8.451530560071777 -0.8099345246840801 53
-9.924750169193727 -0.9461507338921573 54
0.02753112374899247 0.031265558364224816 55
-0.09875807176866039 0.6458788489720143 56
-0.23767618683807856 1.3219534686405827 57
-0.39048611341443856 2.065635550276008 58
-0.5585770326484346 2.8836858400749765 59
-0.7434770438058301 3.7835411588538412 60
-0.9468670560789654 4.773382009510592 61
-1.170596069579414 5.8622069452330186 62
-1.4166979844299075 7.059914374527688 63
-1.6874100907654506 8.377392546751825 64
-1.9851934077345477 9.826618536198374 65
0.24777500433015204 0.07652071786260638 66
0.2700425098729524 0.7035794201330815 67
0.29453676597003275 1.3933439926306042 68
0.3214804476768212 2.152085022377879 69
0.3511184975542885 2.9867001550998817 70
0.38372035241950253 3.9047768010940844 71
0.4195823927712379 4.914661111687708 72
0.45903063715814685 6.0255338533406935 73
0.5024237059837466 7.247493869158977 74
0.5501560816919066 8.591649886559091 75
0.6026616949708823 10.070221505699216 76
0.5877869720662597 0.06444653988091485 77
0.6758538620263943 0.685689391581424 78
0.7727274409825423 1.369056528451984 79
0.8792883778343052 2.1207603790096003 80
0.9965054083712444 2.947634614622978 81
1.1254441419618773 3.857196273797694 82
1.2672767489115737 4.857714098889881 83
1.4232926165562398 5.958283706491287 84
1.5949100709653723 7.168910274852833 85
1.7836892708154184 8.500599500050535 86
1.991346390650469 9.965457647768007 87
0.8838507904867933 0.02247676969096673 88
1.003061755923635 0.6385020967805656 89
1.1341938179041609 1.3161299565791242 90
1.2784390860827393 2.061520602357539 91
1.4371088810791757 2.8814503127137954 92
1.6116456555752556 3.7833729941056773 93
1.8036361075209435 4.775487943636748 94
2.0148256046612003 5.866814388120925 95
2.2471340515154825 7.06727347705352 96
2.5026733430551933 8.387778474879374 97
2.783766563748875 9.840333972487814 98
1.6692809551248546 -0.6258649015206361 99
1.7152906620545674 -1.3143162931933359 100
1.7659013396772516 -2.071612824033306 101
1.821573085062204 -2.9046390079572726 102
1.8828120049856516 -3.820967810273636 103
1.9501748169014441 -4.828929492821636 104
2.024273910008816 -5.937687343624437 105
2.1057829124269247 -7.157320979507517 106
2.1954428150868446 -8.498917978978906 107
2.294068708012756 -9.974674678397433 108
2.3564001355407034 -0.6258649015206361 109
2.3990216628494596 -1.3143162931933359 110
2.445905342889091 -2.0716128240333056 111
2.497477390932686 -2.9046390079572726 112
2.5542066437806406 -3.8209678102736357 113
2.6166088219133905 -4.828929492821636 114
2.6852512178594155 -5.937687343624436 115
2.760757853400043 -7.157320979507516 116
2.843815152494733 -8.498917978978906 117
2.935178181498892 -9.974674678397433 118
3.1122312339981373 -0.6258649015206361 119
3.151125763723841 -1.3143162931933356 120
3.1939097464221153 -2.071612824033305 121
3.2409721273902172 -2.9046390079572717 122
3.292740746455129 -3.8209678102736353 123
3.349686227426532 -4.8289294928216355 124
3.4123262564950756 -5.937687343624435 125
3.4812302884704733 -7.157320979507516 126
3.5570247236434107 -8.498917978978904 127
3.640398602333642 -9.974674678397433 128
3.9436454423013143 -0.6258649015206361 129
3.978440274685661 -1.3143162931933359 130
4.016714590308442 -2.0716128240333056 131
4.058816337493501 -2.9046390079572726 132
4.105128259397066 -3.820967810273636 133
4.156071373490987 -4.8289294928216355 134
4.212108798994302 -5.937687343624436 135
4.273749967047946 -7.157320979507516 136
4.341555251906956 -8.498917978978906 137
4.416141065251867 -9.974674678397434 138
4.858201071434809 -0.6258649015206361 139
4.888486236743663 -1.3143162931933359 140
4.921799918583401 -2.0716128240333056 141
4.958444968607114 -2.904639007957272 142
4.998754523633197 -3.8209678102736357 143
5.043095034161889 -4.8289294928216355 144
5.09186959574345 -5.937687343624435 145
5.145521613483168 -7.1573209795075154 146
5.204538832996857 -8.498917978978904 147
5.269457774461914 -9.974674678397431 148
5.864212263481654 -0.625864901520636 149
5.889536795007465 -1.3143162931933359 150
5.917393779685856 -2.071612824033305 151
5.9480364628320865 -2.904639007957272 152
5.981743414292941 -3.8209678102736357 153
6.01882106089988 -4.8289294928216355 154
6.059606472167514 -5.937687343624435 155
6.10447042456191 -7.1573209795075154 156
6.153820772195746 -8.498917978978904 157
6.208106154592966 -9.974674678397431 158
6.970824574733182 -0.6258649015206361 159
6.9906924090976466 -1.3143162931933356 160
7.012547026898557 -2.0716128240333056 161
7.0365871064795575 -2.9046390079572726 162
7.063031194018659 -3.820967810273636 163
7.09211969031167 -4.8289294928216355 164
7.124117036233983 -5.937687343624436 165
7.1593141167485275 -7.157320979507516 166
7.198030905314526 -8.498917978978906 167
7.2406193727371235 -9.974674678397433 168
8.188098117109865 -0.6258649015206361 169
8.201963584596848 -1.314316293193336 170
8.217215598832528 -2.071612824033306 171
8.233992814491778 -2.904639007957273 172
8.25244775171695 -3.8209678102736366 173
8.27274818266464 -4.828929492821636 174
8.295078656707101 -5.937687343624437 175
8.319642178153806 -7.157320979507518 176
8.346662051745183 -8.498917978978906 177
8.376383912695697 -9.974674678397433 178
9.527099013724214 -0.6258649015206361 179
9.534361877645967 -1.3143162931933359 180
9.542351027959896 -2.0716128240333056 181
9.551139093305217 -2.9046390079572726 182
9.56080596518507 -3.820967810273636 183
9.571439524252908 -4.828929492821636 184
9.583136439227529 -5.937687343624437 185
9.596003045699613 -7.157320979507517 186
9.610156312818905 -8.498917978978906 187
9.625724906650127 -9.974674678397433 188
11.0 -0.6258649015206361 189
11.0 -1.3143162931933359 190
11.0 -2.0716128240333056 191
11.0 -2.9046390079572726 192
11.0 -3.820967810273636 193
11.0 -4.828929492821636 194
11.000000000000002 -5.937687343624437 195
11.000000000000002 -7.157320979507517 196
11.000000000000002 -8.498917978978906 197
11.000000000000002 -9.974674678397433 198
1.6274539488251158 0.0 199
1.732354424791812 0.6174356408795418 200
1.8477449483551776 1.296614845847038 201
1.9746745242748798 2.043711971311284 202
2.114297057786552 2.865518809321954 203
2.267881844649392 3.7695063311336914 204
2.4368251101985154 4.763892605126602 205
2.6226627023025517 5.857717506518806 206
2.827084053616991 7.060924898050228 207
3.051947540062875 8.384453028734793 208
3.2992973751533468 9.840333972487816 209
2.3176532925327433 0.0 210
2.4148288409000966 0.6174356408795418 211
2.5217219441041854 1.2966148458470381 212
2.6393043576286828 2.043711971311284 213
2.76864501250563 2.8655188093219546 214
2.9109197328702723 3.769506331133692 215
3.0674219252713786 4.763892605126603 216
3.2395743369125953 5.857717506518806 217
3.428941989717934 7.060924898050228 218
3.637246407803806 8.384453028734793 219
3.866381267698266 9.840333972487816 220
3.0768725706111337 0.0 221
3.16555069861921 0.6174356408795417 222
3.263096639428094 1.296614845847038 223
3.3703971743178665 2.0437119713112835 224
3.488427762696616 2.8655188093219537 225
3.6182614099132406 3.769506331133691 226
3.7610784218515274 4.7638926051266015 227
3.9181771349836434 5.857717506518804 228
4.090985719428971 7.060924898050227 229
4.281075162318831 8.384453028734791 230
4.490173549497677 9.840333972487814 231
3.9120137764973633 0.0 232
3.991344742110235 0.6174356408795418 233
4.078608804284394 1.296614845847038 234
4.174599272675969 2.043711971311284 235
4.280188787906701 2.865518809321954 236
4.396337254660506 3.769506331133692 237
4.5241005680896915 4.763892605126603 238
4.664640212861797 5.857717506518806 239
4.819233822111111 7.060924898050229 240
4.989286792285358 8.384453028734795 241
5.176345059477029 9.840333972487816 242
4.830669102972216 0.0 243
4.899718189950362 0.6174356408795418 244
4.9756721856263235 1.296614845847038 245
5.059221580869881 2.0437119713112835 246
5.1511259156377935 2.865518809321954 247
5.2522206838824985 3.7695063311336914 248
5.363424928951673 4.763892605126602 249
5.485749598527765 5.857717506518806 250
5.620306735061466 7.060924898050228 251
5.768319585248538 8.384453028734793 252
5.931133720454317 9.840333972487816 253
5.841189962094553 0.0 254
5.898928982574502 0.6174356408795417 255
5.9624419051024455 1.2966148458470377 256
6.032306119883184 2.0437119713112835 257
6.109156756141996 2.865518809321954 258
6.193692456026689 3.7695063311336914 259
6.286681725899852 4.763892605126602 260
6.38896992276033 5.857717506518806 261
6.501486939306857 7.060924898050229 262
6.625255657508037 8.384453028734795 263
6.761401247529333 9.840333972487816 264
6.952762907129125 0.0 265
6.998060854461056 0.6174356408795418 266
7.047888596526181 1.2966148458470381 267
7.102699112797818 2.043711971311284 268
7.162990680696618 2.865518809321954 269
7.2293114053853 3.769506331133692 270
7.302264202542848 4.763892605126603 271
7.382512279416152 5.857717506518805 272
7.470785163976786 7.060924898050228 273
7.567885336993483 8.384453028734795 274
7.674695527311851 9.840333972487816 275
8.175493146667154 0.0 276
8.207105913536266 0.6174356408795418 277
8.24187995709229 1.2966148458470377 278
8.280131405003916 2.0437119713112835 279
8.322207997706704 2.8655188093219537 280
8.368492249679772 3.769506331133691 281
8.419404926850145 4.763892605126602 282
8.475408871737557 5.857717506518805 283
8.537013211113708 7.060924898050227 284
8.604777984427477 8.384453028734793 285
8.67931923507262 9.840333972487814 286
9.520496410158986 0.0 287
9.537055478518997 0.6174356408795418 288
9.555270453715009 1.296614845847038 289
9.575306926430622 2.0437119713112835 290
9.597347046417797 2.865518809321954 291
9.621591178403689 3.7695063311336914 292
9.64825972358817 4.763892605126602 293
9.6775951232911 5.857717506518805 294
9.709864062964323 7.060924898050228 295
9.745359896604867 8.384453028734795 296
9.784405313609467 9.840333972487816 297
11.0 0.0 298
11.0 0.6174356408795418 299
11.0 1.296614845847038 300
11.0 2.043711971311284 301
11.0 2.865518809321954 302
11.0 3.769506331133692 303
11.0 4.763892605126603 304
10.999999999999998 5.857717506518806 305
10.999999999999998 7.060924898050229 306
10.999999999999998 8.384453028734795 307
10.999999999999998 9.840333972487816 308